00000000000100000000000010010011
00000000010000000000000100010011
00010000111110101110000110110111
11101100110100011000000110010011
11111111111000000000001000010011
00000000001000001100001010110011
00000000001000001110001010110011
00000000001000001111001010110011
00000000000100010001001010110011
00000000000100010101001010110011
01000000000100100101001010110011
00000000000100011110011001100011
00000000000000000000000000010011
00000000000100001000000010010011
00000000000000000000000110010011
00000000001000011010000110110011
11111110000010101101001000110111
10001110000000100000001000010011
00000000010000001011001000110011
00000000001000010100001010010011
00000000001000010110001010010011
00000000001000010111001010010011
00000000001000010101001010010011
01000000001000010101001010010011
00000000001000010010001010010011
00000000001000010011001010010011
11111111111110100010000110110111
00000111100100011000000110010011
00000000000000011000100001100011
00000000000000000000000000010011
00000000001000011111001001100011
00000000000000000000000110010011
00000000000000000000000000010011
